00000000
10101000
10111101
11001000
11001111
11010100
11011000
11011011
11011101
11011111
11100001
11100011
11100100
11100110
11100111
11101000
11101001
11101010
11101011
11101011
11101100
11101101
11101110
11101110
11101111
11101111
11110000
11110000
11110001
11110001
11110010
11110010
11110011
11110011
11110011
11110100
11110100
11110100
11110101
11110101
11110101
11110110
11110110
11110110
11110111
11110111
11110111
11110111
11111000
11111000
11111000
11111000
11111000
11111001
11111001
11111001
11111001
11111010
11111010
11111010
11111010
11111010
11111010
11111011
11111011
11111011
11111011
11111011
11111011
11111100
11111100
11111100
11111100
11111100
11111100
11111101
11111101
11111101
11111101
11111101
11111101
11111101
11111101
11111110
11111110
11111110
11111110
11111110
11111110
11111110
11111110
11111110
11111111
11111111
11111111
11111111
11111111
11111111
11111111
11111111
11111111
00000000
00000000
00000000
00000000
00000000
00000000
00000000
00000000
00000000
00000000
00000000
00000001
00000001
00000001
00000001
00000001
00000001
00000001
00000001
00000001
00000001
00000001
00000001
00000010
00000010
00000010
00000010
00000010
00000010
00000010
00000010
00000010
00000010
00000010
00000010
00000010
00000010
00000011
00000011
00000011
00000011
00000011
00000011
00000011
00000011
00000011
00000011
00000011
00000011
00000011
00000011
00000011
00000011
00000100
00000100
00000100
00000100
00000100
00000100
00000100
00000100
00000100
00000100
00000100
00000100
00000100
00000100
00000100
00000100
00000100
00000100
00000101
00000101
00000101
00000101
00000101
00000101
00000101
00000101
00000101
00000101
00000101
00000101
00000101
00000101
00000101
00000101
00000101
00000101
00000101
00000101
00000110
00000110
00000110
00000110
00000110
00000110
00000110
00000110
00000110
00000110
00000110
00000110
00000110
00000110
00000110
00000110
00000110
00000110
00000110
00000110
00000110
00000110
00000110
00000110
00000111
00000111
00000111
00000111
00000111
00000111
00000111
00000111
00000111
00000111
00000111
00000111
00000111
00000111
00000111
00000111
00000111
00000111
00000111
00000111
00000111
00000111
00000111
00000111
00000111
00000111
00000111
00001000
00001000
00001000
00001000
00001000
00001000
00001000
00001000
00001000
00001000
00001000
00001000
00001000
